1 0 3
3
4 50 30 10 
35
1 1 23 1 (5,6)
2 2 48 0
3 3 9 3 (4,5),(6,4),(9,7)
3 4 44 1 (19,4)
3 5 27 2 (2,9),(27,10)
6 6 45 1 (7,5)
8 7 22 2 (14,1),(21,9)
8 8 26 2 (14,10),(15,3)
9 9 9 0
9 10 32 2 (25,2),(31,9)
10 11 7 2 (4,6),(5,5)
11 12 18 1 (4,2)
11 13 33 3 (10,4),(16,7),(19,9)
12 14 41 3 (9,4),(20,4),(29,6)
12 15 19 0
13 16 25 3 (8,7),(13,6),(18,4)
13 17 3 1 (1,3)
14 18 44 1 (33,9)
16 19 15 2 (1,8),(8,9)
18 20 16 2 (4,5),(8,2)
19 21 44 2 (10,4),(20,2)
20 22 39 0
20 23 45 2 (10,4),(33,6)
20 24 44 3 (17,2),(21,5),(27,3)
22 25 45 3 (19,10),(37,3),(44,9)
22 26 46 2 (10,2),(40,1)
26 27 48 3 (15,8),(31,5),(32,5)
26 28 20 2 (11,10),(20,7)
29 29 17 3 (3,4),(7,9),(9,2)
30 30 20 2 (6,8),(7,6)
30 31 9 1 (4,4)
31 32 3 0
33 33 37 2 (13,8),(19,2)
33 34 32 2 (11,5),(13,10)
34 35 2 3 (1,4),(1,7),(2,6)
16 2
29 15
43 27
62 23
151 33
237 12
253 20